
Reaction rate test with two-step reaction.
=========================================

The ordinary differential equations describing the mass concentrations
and the corresponding initial conditions are

	dYa/dt = -Ya * Kab		; Ya = 1
	dYb/dt =  Ya * Kab - Yb * Kbc	; Yb = 0
	dYc/dt =  Yb * Kbc		; Yc = 0

The solutions are (Lautenberger & Fernandez-Pello 2006)

	Ya(t) = exp(-Kab*t)
	Yb(t) = (Kab/(Kbc-Kab))*[exp(-Kab*t)-exp(-Kbc*t)]
	Yc(t) = [Kab*(1-exp(-Kbc*t)) + Kbc*(exp(-Kab*t)-1)]/(Kab-Kbc)

Numerical values with

	Kab = 0.389
	Kbc = 0.262

are below:

 Time (s)	  Ya 		  Yb  	 	  Yc
  0.0000000e+000  1.0000000e+000  0.0000000e+000  0.0000000e+000
  1.0000000e+000  6.7773427e-001  2.8111147e-001  4.1154256e-002
  2.0000000e+000  4.5932374e-001  4.0683726e-001  1.3383900e-001
  3.0000000e+000  3.1129944e-001  4.4218693e-001  2.4651363e-001
  4.0000000e+000  2.1097830e-001  4.2777756e-001  3.6124414e-001
  5.0000000e+000  1.4298722e-001  3.8848797e-001  4.6852481e-001
  6.0000000e+000  9.6907341e-002  3.3914112e-001  5.6395153e-001
  7.0000000e+000  6.5677426e-002  2.8821460e-001  6.4610797e-001
  8.0000000e+000  4.4511843e-002  2.4024699e-001  7.1524117e-001
  9.0000000e+000  3.0167201e-002  1.9738550e-001  7.7244730e-001
  1.0000000e+001  2.0445346e-002  1.6037066e-001  8.1918399e-001
  1.1000000e+001  1.3856512e-002  1.2915441e-001  8.5698907e-001
  1.2000000e+001  9.3910328e-003  1.0328097e-001  8.8732800e-001
  1.3000000e+001  6.3646248e-003  8.2115771e-002  9.1151960e-001
  1.4000000e+001  4.3135243e-003  6.4978160e-002  9.3070832e-001
  1.5000000e+001  2.9234233e-003  5.1213992e-002  9.4586258e-001
  1.6000000e+001  1.9813041e-003  4.0231539e-002  9.5778716e-001
  1.7000000e+001  1.3427977e-003  3.1515580e-002  9.6714162e-001
  1.8000000e+001  9.1006002e-004  2.4629062e-002  9.7446088e-001
  1.9000000e+001  6.1677887e-004  1.9208163e-002  9.8017506e-001
  2.0000000e+001  4.1801217e-004  1.4954277e-002  9.8462771e-001
  2.1000000e+001  2.8330118e-004  1.1624989e-002  9.8809171e-001
  2.2000000e+001  1.9200292e-004  9.0251964e-003  9.9078280e-001
  2.3000000e+001  1.3012696e-004  6.9989623e-003  9.9287091e-001
  2.4000000e+001  8.8191497e-005  5.4223589e-003  9.9448945e-001
  2.5000000e+001  5.9770400e-005  4.1973566e-003  9.9574287e-001
  2.6000000e+001  4.0508449e-005  3.2467143e-003  9.9671278e-001
  2.7000000e+001  2.7453964e-005  2.5097698e-003  9.9746278e-001
  2.8000000e+001  1.8606492e-005  1.9390132e-003  9.9804238e-001
  2.9000000e+001  1.2610257e-005  1.4973225e-003  9.9849007e-001
  3.0000000e+001  8.5464036e-006  1.1557511e-003  9.9883570e-001
  3.1000000e+001  5.7921906e-006  8.9176568e-004  9.9910244e-001
  3.2000000e+001  3.9255661e-006  6.8785177e-004  9.9930822e-001
  3.3000000e+001  2.6604906e-006  5.3041304e-004  9.9946693e-001
  3.4000000e+001  1.8031057e-006  4.0890658e-004  9.9958929e-001
  3.5000000e+001  1.2220265e-006  3.1516499e-004  9.9968361e-001
  3.6000000e+001  8.2820925e-007  2.4286646e-004  9.9975631e-001
  3.7000000e+001  5.6130579e-007  1.8712124e-004  9.9981232e-001
  3.8000000e+001  3.8041617e-007  1.4414965e-004  9.9985547e-001
  3.9000000e+001  2.5782108e-007  1.1103168e-004  9.9988871e-001
  4.0000000e+001  1.7473418e-007  8.5512578e-005  9.9991431e-001
  4.1000000e+001  1.1842334e-007  6.5851992e-005  9.9993403e-001
  4.2000000e+001  8.0259556e-008  5.0707124e-005  9.9994921e-001
  4.3000000e+001  5.4394652e-008  3.9042252e-005  9.9996090e-001
  4.4000000e+001  3.6865120e-008  3.0058735e-005  9.9996990e-001
  4.5000000e+001  2.4984755e-008  2.3140891e-005  9.9997683e-001
  4.6000000e+001  1.6933025e-008  1.7814194e-005  9.9998217e-001
  4.7000000e+001  1.1476091e-008  1.3712979e-005  9.9998628e-001
  4.8000000e+001  7.7777402e-009  1.0555514e-005  9.9998944e-001
  4.9000000e+001  5.2712411e-009  8.1247711e-006  9.9999187e-001
  5.0000000e+001  3.5725007e-009  6.2535828e-006  9.9999374e-001


FDS data file is given below.
The time step DT = 0.01 gives good accuracy by visual inspection.
DT = 0.1 woulb be visibly inaccurate.

To compare the results one needs to plot the RHO_S(:,I) with
I = 1,2,3 in any of the internal wall points.

-------FDS_Data-----------------------------------------------------

&HEAD CHID='two_step_solid_reaction', TITLE='Reaction rate test' /

&MESH IJK=3,3,4, XB=-0.15,0.15,-0.15,0.15,0.0,0.4 /

&TIME T_END=50, WALL_INCREMENT = 1, DT = 0.01/

&MISC SOLID_PHASE_ONLY = .TRUE. /

&DUMP FLUSH_FILE_BUFFERS=F, NFRAMES=200 /

&SURF ID='TEST'
      STRETCH_FACTOR = 1.0
      MATL_ID = 'MAT_A'
      THICKNESS=0.001 /

&MATL ID = 'MAT_A'
      CONDUCTIVITY=0.1
      SPECIFIC_HEAT= 1.0
      DENSITY= 1.
      A = 0.389
      E = 0.
      NU_MATL = 1.0
      MATL_ID = 'MAT_B'/

&MATL ID = 'MAT_B'
      CONDUCTIVITY=0.1
      SPECIFIC_HEAT= 1.0
      DENSITY= 1.
      A = 0.262
      E = 0.
      NU_MATL = 1.0
      MATL_ID = 'MAT_C'/

&MATL ID = 'MAT_C'
      CONDUCTIVITY=0.1
      SPECIFIC_HEAT= 1.0
      DENSITY= 1. /

&VENT XB = -0.05,0.05,-0.05,0.05,0.0,0.0, SURF_ID = 'TEST', COLOR='GRAY' /

&BNDF QUANTITY='WALL TEMPERATURE' /

&DEVC ID='Ya', XYZ=0.0,0.0,0.,IOR=3, QUANTITY='SOLID DENSITY', MATL_ID='MAT_A', DEPTH=0.0001 /
&DEVC ID='Yb', XYZ=0.0,0.0,0.,IOR=3, QUANTITY='SOLID DENSITY', MATL_ID='MAT_B', DEPTH=0.0001 /
&DEVC ID='Yc', XYZ=0.0,0.0,0.,IOR=3, QUANTITY='SOLID DENSITY', MATL_ID='MAT_C', DEPTH=0.0001 /

&TAIL /


